360007200500360020100500440001200276260005900274250001100000260009000269   ]0000
260009500264310000000200260011400274250000000011490001200000               ]0001
P170871761O3685745004100717020444947496300556454424559230063|1]1]0422]0482 ]0002
4845550048496300594553454162450010006263415963030|           1]1]0482]0532 ]0003
O356005753416800465659000|                                   1]1]0532]0558 ]0004
]0000000000]0000000000]0000000000]0000000000O85664006649550| 1]1]0558]0618 ]0005
]01370700370700|                                             1]1]0618]0634 ]0006
N54943524553620|                                             1]1]0634]0650 ]0007
M4495445620|                                                 1]1]0650]0662 ]0008
N8644159634559620|                                           1]1]0662]0680 ]0009
M841536545620|                                               1]1]0680]0694 ]0010
K30063645955005655006266496343480000030|                     1]1]0694]0734 ]0011
O3560043484155474500575341684559620041630041556800|          1]1]0734]0784 ]0012
6349544523006364595500415353006266496343484562|              1]1]0784]0830 ]0013
]05646460041554400484963006263415963030|                     1]1]0830]0870 ]0014
M84559450041594500634845005741685646466203000300030|         1]1]0870]0922 ]0015
R6000096000096|                                              1]1]0922]0936 ]0016
]0000000574168620063484500514143525756630300030003|          1]1]0936]0986 ]0017
00006856640066495500410071767270030|                         1]1]0986]1022 ]0018
J300001300001300000000574168620072700063560071230|           1]1]1022]1072 ]0019
O700006700006700000000574168620071720063560071230|           1]1]1072]1122 ]0020
R6000096]0006700000000574168620000780063560071230|           1]1]1122]1172 ]0021
J300001300006700000000574168620000750063560071230|           1]1]1172]1222 ]0022
R6]000670000670000000057416862000072006356007123004155440|   1]1]1222]1280 ]0023
J300006700006700000000574168620000710063560071030|           1]1]1280]1330 ]0024
]0000000006700594557594562455563620041556800626854|          1]1]1330]1380 ]0025
4256530056634845590063484155]096]056590013030|               1]1]1380]1426 ]0026
O3560062574955006348450066484545536223005764624800|          1]1]1432]1482 ]0027
62634159630066496348004759454163006549475659030|             1]1]1482]1530 ]0028
M90457600000|                                                0]1]1530]1542 ]0029
340000000102260000601536390043300100340000000102360040200100|0]1]1538]1598 ]0030
3200411000001500412000003200402000003400000001021702462000R6|0]1]1598]1658 ]0031
1400412000N046017060120014004120]0]0470171801200150041100007|0]1]1658]1718 ]0032
3300411000002604575004111702712]0681340000000102390073500100|0]1]1718]1778 ]0033
3400000001023400000001023901433001003400000001021601691000]0|0]1]1778]1838 ]0034
4800000000004701874001001101691000]54701898002001101691000J0|0]1]1838]1898 ]0035
4701922003001101691000K54701946004001101691000N0430218601690|0]1]1898]1958 ]0036
430218601691270406000568270210202101340000000102390143300100|0]1]1958]2018 ]0037
3400000001023400000001021302053]0000330009000000320008900000|0]1]2018]2078 ]0038
26005680009949018140]000340000000102390212900100420000000000|0]1]2078]2138 ]0039
M34845435200626649634348456200465659006856645900424563030|   1]1]2128]2186 ]0040
1602195000]32304575004311100099J29193200090000]0260457500099|0]1]2186]2246 ]0041
3200091000002602101000941404570J66664702450013001404570L3333|0]1]2246]2306 ]0042
4702438013001404570M99994702426013001404570O6667470241401300|0]1]2306]2366 ]0043
1404570Q33334702402013001702872000J01702872000L31702872000L4|0]1]2366]2426 ]0044
1702872000J41702872000J31702872000R6340000000102390087100100|0]1]2426]2486 ]0045
340000000102390092300100340000000102390102300100340000000102|0]1]2486]2546 ]0046
390107300100340000000102390112300100340000000102390117300100|0]1]2546]2606 ]0047
340000000102390122300100340000000102390128100100340000000102|0]1]2606]2666 ]0048
390133100100340000000102420000000000|                        0]1]2666]2702 ]0049
]0635]0651]0663]0681|                                        1]1]2692]2712 ]0050
2602766]26961600729000P134000000010239005330010039]000000100|0]1]2712]2772 ]0051
3900695001001102735000]11102723000]51402723]2716470271201200|0]1]2772]2832 ]0052
1502735000011602723]2696340000000102420000000000|            0]1]2832]2880 ]0053
1402195000]14703044012001402871000R6340000000101340000000101|0]1]2872]2932 ]0054
3400000001014703012012004403012029571601431000L41603001000L4|0]1]2932]2992 ]0055
330295700000|                                                0]1]2992]3004 ]0056
]00|                                                         1]1]3000]3004 ]0057
490331600000|                                                0]1]3004]3016 ]0058
260143102871260300102871490331600000|                        0]1]3012]3048 ]0059
1402195000]24703256012001602281J66661602305L33331602329M9999|0]1]3044]3104 ]0060
1602353O66671602377Q3333340000000101340000000101340000000101|0]1]3104]3164 ]0061
2601429028712603001028711402871000R6470331601200440331602956|0]1]3164]3224 ]0062
330295600000320295700000490331600000|                        0]1]3224]3260 ]0063
2603001028712601427028711402871000R6470331601200320295600000|0]1]3256]3316 ]0064
1202101000]54603316011003903001001001202195000]1470219801200|0]1]3316]3376 ]0065
1602281J39991602305K79991602329M59991602353O39991602377Q1999|0]1]3376]3436 ]0066
16034450]0]01401427000J34703492012001603445000]1490352800000|0]1]3436]3496 ]0067
1401427000R64703528012001603445000]2240142901427470368801200|0]1]3492]3552 ]0068
1403445000]14703620013004603608012001603445000]8490368800000|0]1]3552]3612 ]0069
1603445000]52401431014294703688012004303676034451603445000J2|0]1]3608]3668 ]0070
490368800000|                                                0]1]3668]3680 ]0071
1603445000K0210059001691220056801691210057901691230169103445|0]1]3676]3736 ]0072
460181401200210056800099220057900099210060100099250063100099|0]1]3736]3796 ]0073
250062900098430384000096260062300621490387200000|            0]1]3796]3844 ]0074
250062500097250062300096490391600000|                        0]1]3840]3876 ]0075
430390400097260062500623490391600000|                        0]1]3872]3908 ]0076
25006250009734000000010839006030010039006190010016006250P070|0]1]3904]3964 ]0077
16006210]013490181400000|                                    0]1]3964]3988 ]0078
]013]0000000000000000000000000000|                           1]1]3984]4018 ]0079
P0707023707070237070700370700|                               1]1]4018]4048 ]0080
]00000000000|                                                1]1]4048]4060 ]0081
3103988040181404059]0000460452801200250401504059250401304058|0]1]4060]4120 ]0082
25]3989]40491104131000]11104126]000212041650]3]1470412001200|0]1]4120]4180 ]0083
1604165000]31104126000]21404131]40584704120012001604165000]3|0]1]4180]4240 ]0084
1604126]39891604131]404943043640398931039880399012042970]3]1|0]1]4240]4300 ]0085
470426401200450433203995490436400000|                        0]1]4300]4336 ]0086
3103988039901604297000]3490426400000|                        0]1]4332]4368 ]0087
1604297000]3M40444404376340000000102440443204059390498900100|0]1]4364]4424 ]0088
490444400000|                                                0]1]4424]4436 ]0089
390500700100390398500100340000000102420000000000|            0]1]4432]4480 ]0090
M16300634845005456544555632300685664004159450045654555030|   1]1]4470]4528 ]0091
340000000102390447100100340000000102420000000000330437600000|0]1]4528]4588 ]0092
340000000102390489300100270406000590390491700100270406000601|0]1]4588]4648 ]0093
440468000579390494100100490469200000|                        0]1]4648]4684 ]0094
3904965001002704060005793204376000003400000001021304739]0000|0]1]4680]4740 ]0095
330009000000320008900000260059000099260060100099260057900099|0]1]4740]4800 ]0096
260056800099340000000102390502300100340000000102260000605232|0]1]4800]4860 ]0097
390513500100480000000000490523400000|                        0]1]4860]4896 ]0098
O3566341530042456362000|                                     1]1]4892]4916 ]0099
O3566341530057414944000|                                     1]1]4916]4940 ]0100
M8566462450053566263000|                                     1]1]4940]4964 ]0101
M8566462450054414445000|                                     1]1]4964]4988 ]0102
O8566400535662630|                                           1]1]4988]5006 ]0103
O85664006656550|                                             1]1]5006]5022 ]0104
M6495541530048415363030000635600594562634159632300|          1]1]5022]5072 ]0105
4849630049556245596323005945534541624500415544|              1]1]5072]5118 ]0106
]06263415963030|                                             1]1]5118]5134 ]0107
O3560043534541590054455456596800456743455763006348|          1]1]5134]5184 ]0108
45006341425345622300484963006263415963030|                   1]1]5184]5226 ]0109
M90153800000|                                                0]1]5226]5238 ]0110
1305245]0000260008900099330009000000260007900099330008000000|0]1]5234]5294 ]0111
2600059000993300060000001519999000001600000]0000|            0]1]5294]5342 ]0112
|                                                            1]1]5340]5341 ]0113
450560419999260001900099330002000000261993900099331994000000|0]1]5342]5402 ]0114
261977900099331978000000261945900099331946000000261881900099|0]1]5402]5462 ]0115
331882000000261753900099331754000000261497900099331498000000|0]1]5462]5522 ]0116
321030200000260000105603491995200000|                        0]1]5522]5558 ]0117
K60999919899331030200000331995200000221999919999480000000000|0]1]5554]5614 ]0118
1539999000001600000]0000|                                    0]1]5604]5628 ]0119
|                                                            1]1]5626]5627 ]0120
450590239999260001900099330002000000263993900099333994000000|0]1]5628]5688 ]0121
263977900099333978000000263945900099333946000000263881900099|0]1]5688]5748 ]0122
333882000000263753900099333754000000263497900099333498000000|0]1]5748]5808 ]0123
262985900099332986000000260000105901493995200000|            0]1]5808]5856 ]0124
K61961938836331962000000333995200000223999939999480000000000|0]1]5852]5912 ]0125
260001900099330002000000265993900099335994000000265977900099|0]1]5902]5962 ]0126
335978000000265945900099335946000000265881900099335882000000|0]1]5962]6022 ]0127
265753900099335754000000265497900099335498000000264985900099|0]1]6022]6082 ]0128
334986000000263961900099333962000000260000106187495995200000|0]1]6082]6142 ]0129
K61913837877335995200000331913900000225999959999480000000000|0]1]6138]6198 ]0130
00000  L600000005004900000|                                   ]8]0096]0115 ]0131
360010000500360017200500360024400500360031600500360000000500               ]0132
000000000000102030400020406080003060902100408021610050015102006021814200|  ]0133
704112820080614223009081726300000000005060708090012141618151811242720242|  ]0134
822363520353045403632484455324946536048465462754453627180123456789123456|  ]0135
789]23456789]J3456789]JK456789]JKL56789]JKLM6789]JKLMN789]JKLMNO89]JKLMN|  ]0136
M1000000000049]1538OP9]JKLMNOPQ|    L10038800019M90000000000M90003600000   ]0137
