360007200500360020100500440001200276260005900274250001100000260009000269   ]0000
260009500264310000000200260011400274250000000011490001204405592033314905922]0001
3400000001021700636]04263900797001003400000001021700636]0462|0]1]0402]0462 ]0002
3900841001003400000001023900861001003400000001021200760]0001|0]1]0462]0522 ]0003
4600582012001700636]0546390079700100340000000102490040200000|0]1]0522]0582 ]0004
390092500100340000000102480000000000490058200000|            0]1]0582]0630 ]0005
]]0000|                                                      1]1]0630]0636 ]0006
1400760]00104600720013003800760001001400760]0001470073201200|0]1]0636]0696 ]0007
390078100100420063N00000380075900100390076300100420063N00000|0]1]0696]0756 ]0008
]0099|                                                       1]1]0756]0762 ]0009
]042566363534562]|                                           1]1]0762]0780 ]0010
]04256636353450|                                             1]1]0780]0796 ]0011
]056460042454559]0565500634845]066415353030|                 1]1]0796]0840 ]0012
]056460042454559]30|                                         1]1]0840]0860 ]0013
O341524500565545]04456665523]057416262004963|                1]1]0860]0904 ]0014
]04159566455440020]|                                         1]1]0904]0924 ]0015
N5560054565945]042454559030|                                 1]1]0924]0952 ]0016
00000  L600000005004900000|1205723]000133057230000049057120000]8]0096]0115 ]0017
360010000500360017200500360024400500360031600500360000000500               ]0018
000000000000102030400020406080003060902100408021610050015102006021814200|  ]0019
704112820080614223009081726300000000005060708090012141618151811242720242|  ]0020
822363520353045403632484455324946536048465462754453627180123456789123456|  ]0021
789]23456789]J3456789]JK456789]JKL56789]JKLM6789]JKLMN789]JKLMNO89]JKLMN|  ]0022
M8000000000049]0402OP9]JKLMNOPQ|    L10038800019M90000000000M90003600000   ]0023
