360007200500360020100500440001200276260005900274250001100000260010200269  |0]000
260010700264330010600000310000000200260012600274250000000011490001200000  |0]001
3400000001023906535001003400000001024600450003001600444]1058|0]1]0402]0462 ]]002
340000000102390585100100480000000000340000000102390591500100|0]1]0462]0522 ]]003
340000000102390599500100480000000000390599500100480000000000|0]1]0522]0582 ]]004
390599500100480000000000340000000102390602700100340000000102|0]1]0582]0642 ]]005
390608100100340000000102390617900100340000000102390626300100|0]1]0642]0702 ]]006
340000000102390634300100340000000102390641900100340000000102|0]1]0702]0762 ]]007
390646100100480000000000470083000100340000000102390602700100|0]1]0762]0822 ]]008
490077400000|                                                0]1]0822]0834 ]]009
1601756000]41604087000]01600872]0000340000000102340000000102|0]1]0830]0890 ]]010
1605805]00001605849]0000260580106023330576200000260584506023|0]1]0890]0950 ]]011
3305806000004701010002001604087000]0260575706023330571800000|0]1]0950]1010 ]]012
260571706023330567800000470110200300340000000102390658100100|0]1]1010]1070 ]]013
480000000000470083000300490104600000|                        0]1]1070]1106 ]]014
1704094]57653400000001023400000001082704000057651704094]5809|0]1]1102]1162 ]]015
1704094]57693400000001023400000001082704000057691704094]5813|0]1]1162]1222 ]]016
3400000001082704000058131601681]57691601228]00001601305]5761|0]1]1222]1282 ]]017
1101305000]4430131405761490135800000|                        0]1]1282]1318 ]]018
260133701305270387205765210122803866490128200000|            0]1]1314]1362 ]]019
3201226000001401228000K1470144601100430141401224490326600000|0]1]1358]1418 ]]020
1201228000J01201225000J0490137000000|                        0]1]1414]1450 ]]021
16070J800000|                                                0]1]1446]1458 ]]022
|                                                            1]1]1454]1455 ]]023
|                                                            1]1]1455]1456 ]]024
|                                                            1]1]1456]1457 ]]025
|                                                            1]1]1457]1458 ]]026
340000000102390664300100370701300100460144600400450172607018|0]1]1458]1518 ]]027
1601553]70111101553000]14501530070121401553]7018460163401200|0]1]1518]1578 ]]028
1401553]701647017260120014070150N556470172601200490197800000|0]1]1578]1638 ]]029
2407017066594701726012001101681000]41704094]5769340000000108|0]1]1634]1694 ]]030
260171701681270400005769490125800000|                        0]1]1694]1730 ]]031
4600830003001201756000]13400000001024601870012001401756000]2|0]1]1726]1786 ]]032
470185001300460183001200390666100100490144600000|            0]1]1786]1834 ]]033
390670900100490144600000|                                    0]1]1830]1854 ]]034
390680100100490144600000|                                    0]1]1850]1874 ]]035
3906877001002601726060092619999017261601936K00001201936000K5|0]1]1870]1930 ]]036
2619975017261401936J0025470191801200260999919999340000000108|0]1]1930]1990 ]]037
3400000001082704000058091602709]58131601996]00001602073]5805|0]1]1990]2050 ]]038
1102073000]4430208205805490212600000|                        0]1]2050]2086 ]]039
260210502073270387205809210199603866490205000000|            0]1]2082]2130 ]]040
320199400000440215805778490345400000|                        0]1]2126]2162 ]]041
1401228000K14702194012004403106057701401996000K1470227001100|0]1]2158]2218 ]]042
430223801992490373800000|                                    0]1]2218]2242 ]]043
1201996000J01201993000J0490219400000|                        0]1]2238]2274 ]]044
1401996000J24702686011001602137]00001602377]5769260234102377|0]1]2270]2330 ]]045
2703872057692102137038661102377000]4430231805769320213500000|0]1]2330]2390 ]]046
1402137000J7470246601100430243402133490246600000|            0]1]2390]2438 ]]047
1202137000J01202134000J0490239000000|                        0]1]2434]2470 ]]048
1401996000J94602526011002502513019961402137000]0470277801300|0]1]2466]2526 ]]049
1401996000J64702686013004702594012001402137000]6460268601100|0]1]2526]2586 ]]050
490277800000|                                                0]1]2586]2598 ]]051
1401996000J74702662012004302686057771402137000]7460268601100|0]1]2594]2654 ]]052
490277800000|                                                0]1]2654]2666 ]]053
2401996021374602778011001102709000]41704094]5813340000000102|0]1]2662]2722 ]]054
340000000108340000000108260276902709270400005817490202600000|0]1]2722]2782 ]]055
3400000001022703812012291401996000K1470283801200440322205814|0]1]2778]2838 ]]056
2703812019972401996012284603086013001100872000]1340000000108|0]1]2838]2898 ]]057
1606945000J04402934008721606945000K04702958012001606945000]0|0]1]2898]2958 ]]058
3906929001002506955008722506953008712506951008701603072]6951|0]1]2958]3018 ]]059
4303066069511103072000]24303066069531103072000]2390695100100|0]1]3018]3078 ]]060
490086600000|                                                0]1]3078]3090 ]]061
1200872000]1490288600000|                                    0]1]3086]3110 ]]062
3400000001023400000001083906965001001604087000]01401996000K1|0]1]3106]3166 ]]063
4703190012004403222058142703812019971100872000]2490288600000|0]1]3166]3226 ]]064
3400000001083906965001001604087000]0490308600000|            0]1]3222]3270 ]]065
3400000001082704000058091601996]0000270387205809210199603866|0]1]3266]3326 ]]066
270387205813210199603866320199400000160122800]00340000000102|0]1]3326]3386 ]]067
3400000001083906985001001401996000K14702814011001201996000J0|0]1]3386]3446 ]]068
490283800000|                                                0]1]3446]3458 ]]069
340000000102340000000108160122800]001603460N00031603724]6997|0]1]3454]3514 ]]070
4403682057821103460J00034403682057861103460J0005440368205790|0]1]3514]3574 ]]071
1103460J00404403682057941103460J00504403682057981603724]6995|0]1]3574]3634 ]]072
1503456000001103460]01504403682058021103460J0250250699703456|0]1]3634]3694 ]]073
320345800000210087203460390699700100490341000000|            0]1]3694]3742 ]]074
3400000001022703812012291100872000]1340000000108390698500100|0]1]3738]3798 ]]075
490288600000|                                                0]1]3798]3810 ]]076
150381100000|                                                0]1]3812]3824 ]]077
|                                                            1]1]3823]3824 ]]078
340000000108390691100100380380900100420000000000|            0]1]3824]3872 ]]079
]0000]000|                                                   1]1]3862]3871 ]]080
1603866]00004303910038691603866]0010420000000000|            0]1]3872]3920 ]]081
14038710P0004603972011001403869000M14703896012001603866J0011|0]1]3910]3970 ]]082
420000000000|                                                0]1]3970]3982 ]]083
250386603869420000000000|                                    0]1]3972]3996 ]]084
]07220750|                                                   1]1]3986]3996 ]]085
]000|                                                        1]1]3996]4000 ]]086
1603987000]04304036039971603987000P1260398903997320399800000|0]1]4000]4060 ]]087
260399303999390398700100420000000000|                        0]1]4060]4096 ]]088
NK]0000|                                                     1]1]4086]4093 ]]089
2604220040931104087000]14404228040871104153000]4260409305055|0]1]4094]4154 ]]090
1604189]56771104189000]4240409305677460410601200470416601400|0]1]4154]4214 ]]091
260576504093420000000000|                                    0]1]4214]4238 ]]092
1604534]45681604395]00001604330]54841305677000N4320009200000|0]1]4228]4288 ]]093
2200099000912605677000991104330000]82605484000991404330]5676|0]1]4288]4348 ]]094
4704264013001604390]54831104390000]2320000000000|            0]1]4348]4396 ]]095
]0000|                                                       1]1]4391]4396 ]]096
1404390]56684704372013001604474]54841104474000]21404474]5669|0]1]4396]4456 ]]097
4604252013001400000000N2460443201300260451004474130548600]04|0]1]4456]4516 ]]098
1100099]5059490456800000|                                    0]1]4516]4540 ]]099
160439500J001604534]4568490443200000|                        0]1]4536]4572 ]]100
2604647000992604654000991604534]4612490443200000|            0]1]4568]4616 ]]101
2604659000992604666000992604671000002600000000001600000]0000|0]1]4612]4672 ]]102
4704536001001604673000M91604678]47441600607000M91600612]0654|0]1]4672]4732 ]]103
1600787000M91104395000]1430477604393490454800000|            0]1]4732]4780 ]]104
1604087000NK1604153]50551604830]56771104830000]1150000000000|0]1]4776]4836 ]]105
1404830]57614704812013001604950]56771604907]57581104907000]4|0]1]4836]4896 ]]106
4404964000002604955049071104955000]31104950000]4260000000000|0]1]4896]4956 ]]107
490488400000|                                                0]1]4956]4968 ]]108
1404907]58051604907]5802470488401100310526605056310505605366|0]1]4964]5024 ]]109
150536600000|                                                0]1]5024]5036 ]]110
|                                                            1]1]5035]5036 ]]111
310516405266490410600000|                                    0]1]5036]5060 ]]112
P548P362P444M144P962P848N143P244N144P443P943P044P662N262N844|1]1]5056]5116 ]]113
N848P743P544N244P262P748N162P844N248P248P862P944P243P448P462|1]1]5116]5176 ]]114
P543P744N243P062P048N862P043M148P644M162P648P843N148P562P343|1]1]5176]5236 ]]115
M143P948P762P643P344N843P348|                                1]1]5236]5265 ]]116
J2345678|                                                    1]1]5670]5678 ]]117
M353454159004153530063685745|                                1]1]5850]5878 ]]118
O6594963455900634142006263565762030|                         1]1]5878]5914 ]]119
O245630063414262004163004656535356|                          1]1]5914]5948 ]]120
O6495547006263565700575649556362030|                         1]1]5948]5984 ]]121
]000000000000000000000000000000|                             1]1]5994]6026 ]]122
]0000000000|                                                 1]1]5984]5995 ]]123
O26671005464626300424523N6464600495549634941535368030|       1]1]6026]6080 ]]124
O3560062634159630047415445030|                               1]1]6080]6110 ]]125
O3645955006266710056550044645949554723|                      1]1]6110]6148 ]]126
M6495962630062486446465345030|                               1]1]6148]6178 ]]127
O266720056464620416463565441634943006248|                    1]1]6178]6218 ]]128
O4464653450041630045554400564600444543520323|                1]1]6218]6262 ]]129
O26672000056552062486446465345004341594462|                  1]1]6262]6304 ]]130
]042454656594500454143480048415544030|                       1]1]6304]6342 ]]131
O26673000056552049554963494153496945|                        1]1]6342]6378 ]]132
]06356006263415963005545660047415445030|                     1]1]6378]6418 ]]133
O2667400005655204555635968004559595659030|                   1]1]6418]6460 ]]134
O245630062455562450062664963434845622323|                    1]1]6460]6500 ]]135
O34845550057646248006263415963030|                           1]1]6500]6534 ]]136
M253414352514143520047415445]0707820712076740|               1]1]6534]6580 ]]137
O364595500626673005646460063560062634159|                    1]1]6580]6620 ]]138
O30055456600474154450|                                       1]1]6620]6642 ]]139
M3415944200|                                                 1]1]6642]6654 ]]140
O84562N7534541624500455563455923O84562005659005556030|       1]1]6654]6708 ]]141
M555634559006845620056590055560023|                          1]1]6708]6742 ]]142
M65659474563006348450059456263005646]06348450051416969030|   1]1]6742]6800 ]]143
N341626300434841554345030000496300496223|                    1]1]6800]6840 ]]144
M5496348455900684562005659005556030|                         1]1]6840]6876 ]]145
O85664004841654500484144004963030|                           1]1]6876]6910 ]]146
O3566341530033000|                                           1]1]6910]6928 ]]147
O24356594500330010130|                                       1]1]6928]6950 ]]148
P070700370700|                                               1]1]6950]6964 ]]149
M253414352514143520|                                         1]1]6964]6984 ]]150
M26462630|                                                   1]1]6984]6994 ]]151
P1750043415944620|                                           1]1]6994]7012 ]]152
O84562|                                                      1]1]7012]7018 ]]153
00000  L600000005004900000|                                   ]8]0108]0127 ]]154
360010000500360017200500360024400500360031600500360000000500               ]]155
000000000000102030400020406080003060902100408021610050015102006021814200|  ]]156
704112820080614223009081726300000000005060708090012141618151811242720242|  ]]157
822363520353045403632484455324946536048465462754453627180123456789123456|  ]]158
789]23456789]J3456789]JK456789]JKL56789]JKLM6789]JKLMN789]JKLMNO89]JKLMN|  ]]159
M8000000000049]0402OP9]JKLMNOPQ|    L10038800019M90000000000M90003600000]00|]160

