360007200500360020100500440001200276260005900274250001100000260009000269000]0000
260009500264310000000200260011400274250000000011490001200000000000000000000]0001
390042700100480000000000|0000000000000000000000000000000000000]1]0402]04260]0002
M8455353560066565953440|00000000000000000000000000000000000001]1]0426]04500]0003
0000000L600000005004900000|00000000000000000000000000000000000]8]0096]01150]0004
360010000500360017200500360024400500360031600500360000000500000000000000000]0005
000000000000102030400020406080003060902100408021610050015102006021814200|00]0006
704112820080614223009081726300000000005060708090012141618151811242720242|00]0007
822363520353045403632484455324946536048465462754453627180123456789123456|00]0008
789]23456789]J3456789]JK456789]JKL56789]JKLM6789]JKLMN789]JKLMNO89]JKLMN|00]0009
M8000000000049]0402OP9]JKLMNOPQ|0000L10038800019M90000000000M90003600000000]0010
