LO]]092005003400000001023900105001001600006]001249000000                  ]00000
LO]04900012057445800464967454400465463006264425956646355620071712176730|  ]00001
LO002010050026000470027425000950000026000660026931000000020126000900027415]00002
25004000046746005240090015004010000||                        1]1]0500]0536]00003
2602481004061202481]5000430060400450380203100400380211300400|1]1]0536]0596]00004
490062803105106020363105190021303602380005004301540024443202|1]1]0596]0656]00005
380000002602483023812102483023811402381000]14600884012001600|1]1]0656]0716]00006
747]04652200747024834300780000003602380005004500748024454900|1]1]0716]0776]00007
628032009960000026024470047015024480000022024470248326024530|1]1]0776]0836]00008
244815024530000931023800246021023860248149012400430091600465|1]1]0836]0896]00009
430091600463490074802602453004712602448024531502448000003102|1]1]0896]0956]00010
3800246821023860248133009960000049012400M4007800099636023800|1]1]0956]1016]00011
05004501076024492602453024481102453]000131023800040049011800|1]1]1016]1076]00012
450113202445320238000000210040602384210248102384490062804301|1]1]1076]1136]00013
180024411601167]23803102482000004501272024822102448024812102|1]1]1136]1196]00014
453024812402453004114701240011001500450000014301448004503802|1]1]1196]1256]00015
380004004900996044013320248215013210000144013200248815013210|1]1]1256]1316]00016
000221024880248144013920248315013810000144013800249315013810|1]1]1316]1376]00017
00022102493024812601410011673100000024823302381000001101167]|1]1]1376]1436]00018
001249011560440099600450260152602453260151402448260150702453|1]1]1436]1496]00019
250153100000310000002380150000000000490099603100000021941500|1]1]1496]1556]00020
09900000430189600450310040202167160244100]||                 1]1]1556]1599]00021
11602448]00001602453]00601601659]00001601654]238025000000000|1]1]1599]1659]00022
01101654]00011101659]00011401654]2440470164801300110173100]0|1]1]1659]1719]00023
11602459]04993302455000003802380004001102448]00601102453]006|1]1]1719]1779]00024
01401659]040147016360130036023800050038023800040047018040090|1]1]1779]1839]00025
034000000010239022950010048000000000036000000050049000000440|1]1]1839]1899]00026
191600450490510603602380005004701916009002200406004111500407|1]1]1899]1959]00027
0000||                                                       1]1]1959]1964]00028
330040200000340000000102390233500100380040200100390235900100|1]1]1964]2024]00029
4901840]5106360519800500260517205266260516505271260518405271|1]1]2024]2084]00030
2505189000003100000051981500||                               1]1]2084]2113]00031
]01523105190001644905106||                                   1]1]2113]2138]00032
@@@@@@@@@@@@@@@@@@@@@@@@@@@@@@@@@@@@@@@@@@@@@@@@@@@@@@@||    1]1]2138]2194]00033
26]5105051031100006]00021400006]5317470000001300410000000000|1]1]2194]2254]00034
340000000102360000000500490000800000]0]||                    1]1]2254]2294]00035
N75956434562624955470043565457534563450||                    1]1]2294]2334]00036
N6654559534157005646000||                                    1]1]2334]2358]00037
]05756624963495655620||                                      1]1]2358]2380]00038
M905000||                                                    1]1]2460]2468]00039
M9050320||                                                   1]1]2468]2477]00040
L600000005004900000|                                          ]1]0096]0115]00041
36001000050036001720050036002440050036003160050036000000050000000000000000]00042
000000000000102030400020406080003060902100408021610050015102006021814200|0]00043
704112820080614223009081726300000000005060708090012141618151811242720242|0]00044
822363520353045403632484455324946536048465462754453627180123456789123456|0]00045
789]23456789]J3456789]JK456789]JKL56789]JKLM6789]JKLMN789]JKLMNO89]JKLMN|0]00046
M1000000000049]0500OP9]JKLMNOPQ|0000L10038800019M90000000000M9000360000000]00047
01                                                           0             ]1000
260006019969J5052000000MM90505600000|                        0]1]5000]5036]01001
260006019989J505200000023300099000001400052000M7M70555601300|0]1]5032]5092]01002
J60517500]42K105175000524L01062051733200053000001600079]0000|0]1]5092]5152]01003
K30560200060260006000000M405200000993200060000004J0006005615|0]1]5152]5212]01004
33000600000015000470000]210006000060220006001907330006000000|0]1]5212]5272]01005
210006000060220006001907250009900060M30556800047320004800000|0]1]5272]5332]01006
230005700057260004000088JO05403]56481600070J5149230004000070|0]1]5332]5392]01007
260007000000220007000090J205403]0008M40538000083230006000070|0]1]5392]5452]01008
M305568000784600948012002600073000992500074018821600052000N0|0]1]5452]5512]01009
4301028000531200052000]1310005300054M90551200000|            0]1]5512]5560]01010
4M0105205200260006001851490102800000|                        0]1]5556]5592]01011
]000159154943092K50000000000]J57079632O4596371]P968968]0|    1]1]5587]5643]01012
M67377|                                                      1]1]5643]5649]01013
                                                                ]5007|     ]1014
                                                                ]5039|     ]1015
]0650                                                        ]   |         ]1016
02                                                           0             ]2000
2800060199491400055N3112M605480013001400052000M2470228401100|0]1]5000]5060]02001
320005300000260009801882J60511400J40K20511400052210000000060|0]1]5060]5120]02002
160005200]501100052000]1220009101893M60513201300M40522400099|0]1]5120]5180]02003
320005200000110005200J01330009100000M90523600000|            0]1]5180]5228]02004
210009101893320005100000260006301904J605327000O3J605315]1948|0]1]5224]5284]02005
J605310000R1M90538800000|                                    0]1]5284]5308]02006
220009101948210006300063M30530400082J205327000]1J205315000]9|0]1]5304]5364]02007
J205310000]1310008200083320008200000M50532800093260004800086|0]1]5364]5424]02008
2300062000482100062000901100061000]5330005300000490105200000|0]1]5424]5484]02009
440106200099490091200000|                                    0]1]5480]5504]02010
                                                                ]5007|     ]2011
]0500                                                        ]   |         ]2012
03                                                           0             ]3000
2600050199291400050]000]M705500011001200042000N0230189300042|0]1]5000]5060]03001
2600065000993200043000002800097000501400091000N0M60515201300|0]1]5060]5120]03002
210009700097220006501948M90509600000|                        0]1]5120]5156]03003
J605194000R1J605223000R8J605235]19391400000R9990M60524401300|0]1]5152]5212]03004
210009900000220006500000M90518800000|                        0]1]5212]5248]03005
J105194000]1J205223000]1J205235]0009M60518801400210006500098|0]1]5244]5304]03006
2200065019031600052000N4250009900065330006500000460094801200|0]1]5304]5364]03007
250006601882M305432000543100054000552500065009101200052000]1|0]1]5364]5424]03008
M90537600000|                                                0]1]5424]5436]03009
1100062000]53300053000004301028000531200052000]1310005300054|0]1]5432]5492]03010
490102800000|                                                0]1]5492]5504]03011
460106201200340000000102L90553900100410000000000|            0]1]5500]5548]03012
M55953550|                                                   1]1]5538]5548]03013
330005000000M90503600000|                                    0]1]5548]5572]03014
                                                                ]5007|     ]3015
]0568                                                        ]   |         ]3016
04                                                           0             ]4000
310004401846210007119909460094801200M705304013001300063000N0|0]1]5000]5060]04001
110009800K55250008001882150007200005160006300]00M30514400098|0]1]5060]5120]04002
260007300072150006200000J605162000O5210000000053M30520000062|0]1]5120]5180]04003
1200053000]2M90515600000|                                    0]1]5180]5204]04004
KO0521805162220000000053J105162000]1310004300044330006000000|0]1]5200]5260]04005
320006100000M50515600072260005200097490105200000|            0]1]5260]5308]04006
340000000102L90534300100330007100000410000000000|            0]1]5304]5352]04007
N56258590|                                                   1]1]5342]5352]04008
M90504800000|                                                0]1]5352]5364]04009
                                                                ]5019|     ]4010
]0360                                                        ]   |         ]4011
05                                                           0             ]5000
280006019889490105200000|                                    0]1]5000]5024]05001
                                                                ]5007|     ]5002
]0020                                                        ]   |         ]5003
06                                                           0             ]6000
2800070198692600060018731400062000N0M705084011001400062000N7|0]1]5000]5060]06001
M70509201100260006000070490102800000|                        0]1]5060]5096]06002
J605146]0002K10514600062KO0515105146J105151]0010260000000000|0]1]5092]5152]06003
490102800000|                                                0]1]5152]5164]06004
                                                                ]5007|     ]6005
]0160                                                        ]   |         ]6006
07                                                           0             ]7000
280006019849K505607000991400052000M34701028013001400052000N1|0]1]5000]5060]07001
M705104013002601345018512O0105905668490134600000|            0]1]5060]5108]07002
1800084000]0J60517000J42K20517000052ML0517605168320005300000|0]1]5104]5164]07003
2100000000602600068000991400057]0000M60552401200J605271000J1|0]1]5164]5224]07004
JO05511]5695J205271000]1J105511000J11400085]0000M70523601300|0]1]5224]5284]07005
2L00065052713200086000001100087000J0260005000094280009100064|0]1]5284]5344]07006
2K0008105271290009000050260007900090230007600076260005000092|0]1]5344]5404]07007
1300048J97862O00064056952200064000942300064000502O0006405688|0]1]5404]5464]07008
220006400092230006400079260006401876210006400000210006500091|0]1]5464]5524]07009
250006901882M405596010591601058]10603301059000002K0006405679|0]1]5524]5584]07010
3300064000001500099000001600052000N1430102800053310005300054|0]1]5584]5644]07011
1200052000]1MR05620]5104|                                    0]1]5644]5668]07012
J57079632679R99999996L333253P8539816340P3281510179|          1]1]5668]5718]07013
O7474094222O1072596439N4041950027M6364760900L8050637711|     1]1]5718]5773]07014
K9145679448J9739555985]9966865249]0000000000|                1]1]5773]5817]07015
                                                                ]5007|     ]7016
]0818                                                        ]   |         ]7017
                                                                1          K5000
]11223344000000050026004790041932004790000044004800041933004|1]1]0401]0461]25001
790000041000000000015006950000524000520047146007320120046005|1]1]0461]0521]25002
640130026004190006026000600047926004790041922004710005214004|1]1]0521]0581]25003
71000]Q47010520130026007790073132007750000021007790047128004|1]1]0581]0641]25004
790047944006840009926006780077932000000000015000610000528000|1]1]0641]0701]25005
600006044007320009932000O1004802600419000521600052000]015004|1]1]0701]0761]25006
710000]21]0060]047926008030077425000990000026007790083946009|1]1]0761]0821]25007
480120033000O00047943009680005243010040005331000610091031000|1]1]0821]0881]25008
53000541200419000]146008520130M34P0P0P||                     1]1]0881]0920]25009
010239009390010041O44653560||                                1]1]0920]0948]25010
260006001873490105201100060000]52600060000591100419000]12600|1]1]0948]1008]25011
052004194601062014004401052000993200060000004901060042260006|1]1]1008]1068]25012
00186134000000010239011010010041N64653560||                  1]1]1068]1110]25013
490102800000000000320005300000320112000000230006001127460094|1]1]1110]1170]25014
8012004301256000841100093]0005430126800084320008500000120005|1]1]1170]1230]25015
2000N1260006000092490129201100092]00051200052000N02600060000|1]1]1230]1290]25016
912100052011193300053000004601016013004900912000000000002601|1]1]1290]1350]25017
381000602600060013454100000000003200053000002501461013742800|1]1]1350]1410]25018
091000604301438013744901062032013740000025000920040029000910|1]1]1410]1470]25019
138146009480120025000990009122000520137343015540008332000840|1]1]1470]1530]25020
00001601119000N0490128002600060000901601119000N1490129200000|1]1]1530]1590]25021
220006001589490162600000210006001613460163801400420000230006|1]1]1590]1650]25022
001643320009600000260006000099420000260172100060260006001685|1]1]1650]1710]25023
41000000000014017210]00]460178401200280009900060290009601721|1]1]1710]1770]25024
2600060000954225000990006016000600R99949010P4044010400006033|1]1]1770]1830]25025
000600000042N110000000R99999999999]00000000000000000||       1]1]1830]1883]25026
]2302585093J0000000000000R9995]00R99500]0R950331]R5310180O93|1]1]1883]1943]25027
147181N8100000000000016019990]000220199901963410000000000140|1]1]1943]2003]25028
19990]00]4602284012004602080011003301999000001601058]2080260|1]1]2003]2063]25029
134501851490134602601127000601601058]21041201999000]14601128|1]1]2063]2123]25030
011001601058]10604200000000002602187018732202187021514100000|1]1]2123]2183]25031
000002619929000601601058]2220491993002601127021871601058]225|1]1]2183]2243]25032
2490112801601058]106026199490006049199N00260006001851M226004|1]1]2243]2303]25033
79019581500695000001601058]236644004920006032]0479R050]M900M|1]1]2303]2363]25034
9201601058]106032]0057N140QM216]0419000N81600056]00001400060|1]1]2363]2423]25035
00]00]33000570000049007800000016024820K5393400000||          1]1]2422]2472]25036
01023900000001004402524024792602470024513802467001004800M555|1]1]2472]2532]25037
440||                                                        1]1]2532]2536]25038
42O2635657000||                                              1]1]2536]2550]25039
2702464024631602482]2529490255000000260260402585260000000060|1]1]2550]2610]25040
47026200044215025850000||                                    1]1]2610]2634]25041
3400000001023802581001001603061]23844402694000571603061]2352|1]1]2634]2694]25042
1603913]0060310316503618490297802602761030614403026033763303|1]1]2694]2754]25043
376000002503168031654403506031594903026000001603167000]52603|1]1]2754]2814]25044
061027974902858000003103165032262603061028331503159000074903|1]1]2814]2874]25045
002000001603167000]42603061028814902978000003103165035942603|1]1]2874]2934]25046
0610291749029780000031031650322626030610295315031590000R1603|1]1]2934]2994]25047
128]510316033760L19M3100061018801603359000LM1103061]00052603|1]1]2994]3054]25048
250000004403244032504403108031594403252033743203375000424403|1]1]3054]3114]25049
378031671605103000]||                                        1]1]3114]3134]25050
44031580316834]00]N0]J||                                     1]1]3134]3157]25051
23905103000001503168000004403266031591603128]510344030260337|1]1]3157]3217]25052
533033750]]J||                                               1]1]3217]3230]25053
440277403374424R00000||                                      1]1]3230]3252]25054
440391403166424403026031674703026004004903134044035060315915|1]1]3252]3312]25055
031810000]1403128]510347031100120044033780316734000000010249|1]1]3312]3372]25056
0319402603396031281600000000]01103396000]21403396]5263470339|1]1]3372]3432]25057
0013001103473000]13105256009141505261]0000250525903472250525|1]1]3432]3492]25058
703471490315804403158031672603548030611103548]00051400000]32|1]1]3492]3552]25059
9847031340120049033580260306102761320337500]J||              1]1]3552]3598]25060
4403622033733203374000J||                                    1]1]3598]3622]25061
440319403159250318103165490332201603821]36773303358000]04403|1]1]3622]3682]25062
774033591103061000]22603725030612603889000004403774033581103|1]1]3682]3742]25063
061000]24403830031592603821030614403854031592603816031281103|1]1]3742]3802]25064
128000]22600000000004903866026038480306126000000510331051020|1]1]3802]3862]25065
51041203889000]146037260110044042620335949030260000026039370|1]1]3862]3922]25066
391332033740000033033730004244039480325033032500000032032470|1]1]3922]3982]25067
000032032490000||                                            1]1]3982]3998]25068
3103359031474405316031592604045039372600060000091604853]0056|1]1]3998]4058]25069
1403246000RR4604746012001403246000RM460489801200460457001100|1]1]4058]4118]25070
2603996000521203996000N04404166000601603361000K01403246000RN|1]1]4118]4178]25071
4704966013003203362000001603985000]0260388903248220388903250|1]1]4178]4238]25072
1203889000]64603654011004404310033642604304031281103128000]2|1]1]4238]4298]25073
2600000033611203985000]147045140130015000520000P440442603364|1]1]4298]4358]25074
330005300000440445803363260336100053310005300054150006200000|1]1]4358]4418]25075
4904274044043700005315000520000N4904358044043820336511039960|1]1]4418]4478]25076
00]14604382011001603361000P049042740440466203363330336300000|1]1]4478]4538]25077
1603361000]3260398503250490426203200051000002604612031281103|1]1]4538]4598]25078
128000]22600000000523100051000531203248000]14704570012004903|1]1]4598]4658]25079
02604403026033623100057039931604853]00551603248000]326047400|1]1]4658]4718]25080
31281103128000]21600000000M516033630]00044047820006016033610|1]1]4718]4778]25081
00K03100053000571603985000]443048540005331000530005412039850|1]1]4778]4838]25082
00]14504806000542603889032481203889000]122038890398549042500|1]1]4838]4898]25083
330336400000260398503248260006200060430426203247310005300059|1]1]4898]4958]25084
490426202603985039964405002039961603985000]02603889032481203|1]1]4958]5018]25085
889000]22203889032502203889039854705082013003203365000004904|1]1]5018]5078]25086
25001603250000]849041900]||                                  1]1]5078]5104]25087
2600060018731403246000RM4705676013004605536012001603250000]6|1]1]5316]5376]25088
220325003248310005100053260006005103330005900000310510205104|1]1]5376]5436]25089
1203248000]1470538801200490550403100051000531600060000]03300|1]1]5436]5496]25090
059000001203250000]14705468012004905632031000510005225000600|1]1]5496]5556]25091
51031405103000P046055960130032000600000031051020510412032480|1]1]5556]5616]25092
00]147055360120032000510000026056620393726000000006049030140|1]1]5616]5676]25093
1403246000RR4705836012001606010]5720490586003100055000562500|1]1]5676]5736]25094
060051034305796000564906036043058160612932000570000049062460|1]1]5736]5796]25095
1506129000094906060016000600R9994906490016060100O0121606018]|1]1]5796]5856]25096
005316059980O06016062470]04116061310]02131062540641415060480|1]1]5856]5916]25097
000J1405103000]34606266012001405103000K046064260120014051030|1]1]5916]5976]25098
00P0470633001300460000001200490000002500000051031106018000]1|1]1]5976]6036]25099
1605998]60041100052000]13105102051041203248000]1470592001200|1]1]6036]6096]25100
440576406007430613000053490563200021000520625621000520612944|1]1]6096]6156]25101
062100604844061860625449061980210005206245220005203250110005|1]1]6156]6216]25102
2000N0470651001300460647801400320006000000490563204406290059|1]1]6216]6276]25103
951605998]6310150604800004490606001206129000]149060600440635|1]1]6276]6336]25104
005995490606001106245000]116060100O3824906060031062540625525|1]1]6336]6396]25105
0625605103320625500]0||                                      1]1]6396]6418]25106
490606004406458059951606247000L24906060015061310000249063620|1]1]6418]6478]25107
2600060018613906531001004906246026000600187349064900M5594955|1]1]6478]6538]25108
0||                                                          1]1]6538]6540]25109
250219000400250221400400250226600400250227800400490000000000|0]1]5190]5250]25110
49066000390004100100410000000000490660005356414400444163410|              ]25111
