36]]KM00050|2600047000541600054]00011100054]000031]0139]001045000120024049002420
00JO]0035]0100260009000299170006000J40]3936000000050049000000123456789123456789]
15]]2400000|36000800050049001040440009200161490010400000260007400164260000000174
31]0160001754500056001603600160005004400032001602600146001643100000001654900104O
]6600K600060J9829K70239202391K6J9839]0060K600060J9809K70239202391K6J9819]0060K60
]66750060J9809K70239202391K6J9799]0060J6J97790]001J6J97590]001K600060J9819K7]138
]67502J9799K7]0480J9839K6J9839]0060K600060J9739K7]1128J9819K70181601815K6J9819]0
19829000000]0001980900100]]00119739N11000000019769M90682800019729N120000000|0000
]6825060K600060J9729K7]0480J9799K6J9799]0060JJJ97590]001J4J97590]500M7]673201100
]6900K600060J9709K7]1128J9839K6J9719]0060K7]2954J9696J7]3914J9719JJJ97790]001J4J
]697597790]010M7]67200110049]7018]2726O090O]35744902562|3914J9719JJJ97790]001J4J
19709N14000000019789M90693600019699M9]7002000|9769M90682800019729N120000000|0000
]5106360519800500260517205266260516505271260518405271250518900000310000005198150
]01523105190001644905106|                                                       
26]5105051031100006]00021400006]5317470000001300410000000000|100]0000]0060000500
340000000102360000000500490000800000]0]000000000000010203040|100]0060]0120000501
002040608000306090210040802161005001510200602181420070411282|100]0120]0180000502
008061422300908172630000000000506070809001214161815181124272|100]0180]0240000503
024282236352035304540363248445532494653604846546275445362718|100]0240]0300000504
0123456789123456789]23456789]J3456789]JK456789]JKL56789]JKLM|100]0300]0360000505
6789]JKLMN789]JKLMNO89]JKLMNOP9]JKLMNOPQJ|                  |100]0360]0420000506
]11223344000000050026004790041932004790000044004800041933004|1]1]0401]0461]25001
790000041000000000015006950000524000520047146007320120046005|1]1]0461]0521]25002
640130026004190006026000600047926004790041922004710005214004|1]1]0521]0581]25003
71000]Q47010520130026007790073132007750000021007790047128004|1]1]0581]0641]25004
790047944006840009926006780077932000000000015000610000528000|1]1]0641]0701]25005
600006044007320009932000O1004802600419000521600052000]015004|1]1]0701]0761]25006
710000]21]0060]047926008030077425000990000026007790083946009|1]1]0761]0821]25007
480120033000O00047943009680005243010040005331000610091031000|1]1]0821]0881]25008
53000541200419000]146008520130M34P0P0P||0000000000000000000001]1]0881]0920]25009
010239009390010041O44653560||000000000000000000000000000000001]1]0920]0948]25010
260006001873490105201100060000]52600060000591100419000]12600|1]1]0948]1008]25011
052004194601062014004401052000993200060000004901060042260006|1]1]1008]1068]25012
00186134000000010239011010010041N64653560||0000000000000000001]1]1068]1110]25013
490102800000000000320005300000320112000000230006001127460094|1]1]1110]1170]25014
8012004301256000841100093]0005430126800084320008500000120005|1]1]1170]1230]25015
2000N1260006000092490129201100092]00051200052000N02600060000|1]1]1230]1290]25016
912100052011193300053000004601016013004900912000000000002601|1]1]1290]1350]25017
381000602600060013454100000000003200053000002501461013742800|1]1]1350]1410]25018
091000604301438013744901062032013740000025000920040029000910|1]1]1410]1470]25019
138146009480120025000990009122000520137343015540008332000840|1]1]1470]1530]25020
00001601119000N0490128002600060000901601119000N1490129200000|1]1]1530]1590]25021
220006001589490162600000210006001613460163801400420000230006|1]1]1590]1650]25022
001643320009600000260006000099420000260172100060260006001685|1]1]1650]1710]25023
41000000000014017210]00]460178401200280009900060290009601721|1]1]1710]1770]25024
2600060000954225000990006016000600R99949010P4044010400006033|1]1]1770]1830]25025
000600000042N110000000R99999999999]00000000000000000||00000001]1]1830]1883]25026
]2302585093J0000000000000R9995]00R99500]0R950331]R5310180O93|1]1]1883]1943]25027
147181N8100000000000016019990]000220199901963410000000000140|1]1]1943]2003]25028
19990]00]4602284012004602080011003301999000001601058]2080260|1]1]2003]2063]25029
134501851490134602601127000601601058]21041201999000]14601128|1]1]2063]2123]25030
011001601058]10604200000000002602187018732202187021514100000|1]1]2123]2183]25031
000002619929000601601058]2220491993002601127021871601058]225|1]1]2183]2243]25032
2490112801601058]106026199490006049199N00260006001851M226004|1]1]2243]2303]25033
79019581500695000001601058]236644004920006032]0479R050]M900M|1]1]2303]2363]25034
9201601058]106032]0057N140QM216]0419000N81600056]00001400060|1]1]2363]2423]25035
00]00]33000570000049007800000016024820K5393400000||00000000001]1]2422]2472]25036
01023900000001004402524024792602470024513802467001004800M555|1]1]2472]2532]25037
440||000000000000000000000000000000000000000000000000000000001]1]2532]2536]25038
42O2635657000||00000000000000000000000000000000000000000000001]1]2536]2550]25039
2702464024631602482]2529490255000000260260402585260000000060|1]1]2550]2610]25040
47026200044215025850000||0000000000000000000000000000000000001]1]2610]2634]25041
3400000001023802581001001603061]23844402694000571603061]2352|1]1]2634]2694]25042
1603913]0060310316503618490297802602761030614403026033763303|1]1]2694]2754]25043
376000002503168031654403506031594903026000001603167000]52603|1]1]2754]2814]25044
061027974902858000003103165032262603061028331503159000074903|1]1]2814]2874]25045
002000001603167000]42603061028814902978000003103165035942603|1]1]2874]2934]25046
0610291749029780000031031650322626030610295315031590000R1603|1]1]2934]2994]25047
128]510316033760L19M3100061018801603359000LM1103061]00052603|1]1]2994]3054]25048
250000004403244032504403108031594403252033743203375000424403|1]1]3054]3114]25049
378031671605103000]||00000000000000000000000000000000000000001]1]3114]3134]25050
44031580316834]00]N0]J||00000000000000000000000000000000000001]1]3134]3157]25051
23905103000001503168000004403266031591603128]510344030260337|1]1]3157]3217]25052
533033750]]J||000000000000000000000000000000000000000000000001]1]3217]3230]25053
440277403374424R00000||000000000000000000000000000000000000001]1]3230]3252]25054
440391403166424403026031674703026004004903134044035060315915|1]1]3252]3312]25055
031810000]1403128]510347031100120044033780316734000000010249|1]1]3312]3372]25056
0319402603396031281600000000]01103396000]21403396]5263470339|1]1]3372]3432]25057
0013001103473000]13105256009141505261]0000250525903472250525|1]1]3432]3492]25058
703471490315804403158031672603548030611103548]00051400000]32|1]1]3492]3552]25059
9847031340120049033580260306102761320337500]J||000000000000001]1]3552]3598]25060
4403622033733203374000J||0000000000000000000000000000000000001]1]3598]3622]25061
440319403159250318103165490332201603821]36773303358000]04403|1]1]3622]3682]25062
774033591103061000]22603725030612603889000004403774033581103|1]1]3682]3742]25063
061000]24403830031592603821030614403854031592603816031281103|1]1]3742]3802]25064
128000]22600000000004903866026038480306126000000510331051020|1]1]3802]3862]25065
51041203889000]146037260110044042620335949030260000026039370|1]1]3862]3922]25066
391332033740000033033730004244039480325033032500000032032470|1]1]3922]3982]25067
000032032490000||000000000000000000000000000000000000000000001]1]3982]3998]25068
3103359031474405316031592604045039372600060000091604853]0056|1]1]3998]4058]25069
1403246000RR4604746012001403246000RM460489801200460457001100|1]1]4058]4118]25070
2603996000521203996000N04404166000601603361000K01403246000RN|1]1]4118]4178]25071
4704966013003203362000001603985000]0260388903248220388903250|1]1]4178]4238]25072
1203889000]64603654011004404310033642604304031281103128000]2|1]1]4238]4298]25073
2600000033611203985000]147045140130015000520000P440442603364|1]1]4298]4358]25074
330005300000440445803363260336100053310005300054150006200000|1]1]4358]4418]25075
4904274044043700005315000520000N4904358044043820336511039960|1]1]4418]4478]25076
00]14604382011001603361000P049042740440466203363330336300000|1]1]4478]4538]25077
1603361000]3260398503250490426203200051000002604612031281103|1]1]4538]4598]25078
128000]22600000000523100051000531203248000]14704570012004903|1]1]4598]4658]25079
02604403026033623100057039931604853]00551603248000]326047400|1]1]4658]4718]25080
31281103128000]21600000000M516033630]00044047820006016033610|1]1]4718]4778]25081
00K03100053000571603985000]443048540005331000530005412039850|1]1]4778]4838]25082
00]14504806000542603889032481203889000]122038890398549042500|1]1]4838]4898]25083
330336400000260398503248260006200060430426203247310005300059|1]1]4898]4958]25084
490426202603985039964405002039961603985000]02603889032481203|1]1]4958]5018]25085
889000]22203889032502203889039854705082013003203365000004904|1]1]5018]5078]25086
25001603250000]849041900]||00000000000000000000000000000000001]1]5078]5104]25087
2600060018731403246000RM4705676013004605536012001603250000]6|1]1]5316]5376]25088
220325003248310005100053260006005103330005900000310510205104|1]1]5376]5436]25089
1203248000]1470538801200490550403100051000531600060000]03300|1]1]5436]5496]25090
059000001203250000]14705468012004905632031000510005225000600|1]1]5496]5556]25091
51031405103000P046055960130032000600000031051020510412032480|1]1]5556]5616]25092
00]147055360120032000510000026056620393726000000006049030140|1]1]5616]5676]25093
1403246000RR4705836012001606010]5720490586003100055000562500|1]1]5676]5736]25094
060051034305796000564906036043058160612932000570000049062460|1]1]5736]5796]25095
1506129000094906060016000600R9994906490016060100O0121606018]|1]1]5796]5856]25096
005316059980O06016062470]04116061310]02131062540641415060480|1]1]5856]5916]25097
000J1405103000]34606266012001405103000K046064260120014051030|1]1]5916]5976]25098
00P0470633001300460000001200490000002500000051031106018000]1|1]1]5976]6036]25099
1605998]60041100052000]13105102051041203248000]1470592001200|1]1]6036]6096]25100
440576406007430613000053490563200021000520625621000520612944|1]1]6096]6156]25101
062100604844061860625449061980210005206245220005203250110005|1]1]6156]6216]25102
2000N0470651001300460647801400320006000000490563204406290059|1]1]6216]6276]25103
951605998]6310150604800004490606001206129000]149060600440635|1]1]6276]6336]25104
005995490606001106245000]116060100O3824906060031062540625525|1]1]6336]6396]25105
0625605103320625500]0||000000000000000000000000000000000000001]1]6396]6418]25106
490606004406458059951606247000L24906060015061310000249063620|1]1]6418]6478]25107
2600060018613906531001004906246026000600187349064900M5594955|1]1]6478]6538]25108
0||00000000000000000000000000000000000000000000000000000000001]1]6538]6540]25109
250219000400250221400400250226600400250227800400490000000000|0]1]5190]5250]25110
49066000390004100100410000000000490660005356414400444163410|00000000000000]25111
