36003000050036001010050031003800010136001010050041000000000031000000010149000000
0123456789123456789]23456789]J3456789]JK456789]JKL56789]JKLM6789]JKLMN789]JKLMNO
89]JKLMNOP9]JKLMNOPQ|00000000000000000000000000000000000000000000000000000000000
3600072005003600201005001600071]020126000660026926001070027425000000020|00000000
1100071]00011100066]000114000660000046000120120049000600000000000000000000000000
000000]000000000|0000000000000000000000000000000000000000000|0]1]0401]0461]00001
00000000000000000000000000000000000000]000000000000000000000|0]1]0461]0521]00002
000000000000000000000000000000000000000000000000000000000000|0]1]0521]0581]00003
0|00000|]2121212121000000000000000000000]0010203040506070000|0]1]0581]0641]00004
|]00000|]3232323232J11111111111111111111111111110]0000000010|0]1]0641]0701]00005
0000|]0410000000000|]000000000|]0000000000000000000000000000|0]1]0701]0761]00006
000000000000000000000000|]000000000]00000000000]0000000]0]0]|0]1]0761]0821]00007
0]0]0]0]0]0]0]0]0]0]0]0]0]0]0]0]0]0]0]0]0]0]0]0]0]0]0]0]0]0]|0]1]0821]0881]00008
0]0]0]0]0]0]0]0]0]0]0]0]0]0]0]0]0]0]0]0]0]0]0]0]0]0]0]0]0]0]|0]1]0881]0941]00009
0]0]0]|00000000000000000000000000000000000000000000000000000|0]1]0941]1001]00010
000000000000000000000000000000000000000000000000000000000000|0]1]1001]1061]00011
000000000000000000000000000000000000000000000000000000000000|0]1]1061]1121]00012
00|000|16]0011]0023490000000000|0000000000000J00|M5554400564|0]1]1121]1181]00013
600574162624949000|N35641440062644259566463495545620|0000000|0]1]1181]1241]00014
0]00|000000000000|P5P0]|]360000000500490000000000|0360007200|0]1]1241]1301]00015
500360020100500440001200276260005900274250001100000260009000|0]1]1301]1361]00016
269   ]]00|2600095002643100000002002600114002742500000000114|0]1]1361]1421]00017
90001200000               ]]00|K07751707070705170707070]050]|0]1]1421]1481]00018
00000000|0                                                  |0]1]1481]1541]00019
                             0000000000000000000000000000000|0]1]1541]1601]00020
000000000000000000000000000000000000000000000000000000000000|0]1]1601]1661]00021
000000000000000000000000000000000000000000000000000000000000|0]1]1661]1721]00022
000000000000000000000000000000000000000000000000000000000001|0]1]1721]1781]00023
500587000002601165007431614715000]01615488R99991600725]04011|0]1]1781]1841]00024
6027780R9994302320005871601894J74971101894000K03100000007642|0]1]1841]1901]00025
4018941583847018760130026006891551946022200010049]2140016019|0]1]1901]1961]00026
91]09371201991]000226025340000043020400253443020400253314019|0]1]1961]2021]00027
91]08174701968012002602070019911102070]00021600000000]|M2310|0]1]2021]2081]00028
095800732310101100732260110700778424602220001003900949004003|0]1]2081]2141]00029
400000001023700787001004602140004002701956019552702078020773|0]1]2141]2201]00030
10094800786490224403700787005002701956019551115488000]127026|0]1]2201]2261]00031
800267947023000120043023760058749021160430286400587490288803|0]1]2261]2321]00032
100959012922706030060293100959013722706030060294902468045023|0]1]2321]2381]00033
9600797490246801400797000J4460246801200240074300807460246801|0]1]2381]2441]00034
2002601165008071615488]0000370078700500270195601955270207802|0]1]2441]2501]00035
0773100948007864702540001003400000001021115488000]1270268002|0]1]2501]2561]00036
679470272401200470260000100390078700100270720007199260103315|0]1]2561]2621]00037
6742500959156741501034000092706018060174115488000]1490246804|0]1]2621]2681]00038
50270000797490297201400797000J442000000000047028880010026025|0]1]2681]2741]00039
34008091600809000]|390078700100340]0010010126008090253426012|0]1]2741]2801]00040
410081539012350010045028400081749028520390081700100470288800|0]1]2801]2861]00041
1003400000001023400000001081602971]0795260633500725411548800|0]1]2861]2921]00042
0]11102971000]21402971]08174602992012004502924000001605155J0|0]1]2921]2981]00043
00|490315601400809000P04703060013002500528008092500529008111|0]1]2981]3041]00044
603374]3440490860201603095J58441103095000J126005300000024005|0]1]3041]3101]00045
27008154603332012001403095J75164703072013001605155L000|27053|0]1]3101]3161]00046
48053474605192002002503203007252503215005991100725]000026011|0]1]3161]3221]00047
22007251100725000J1430326000587490211603100500007081603374]3|0]1]3221]3281]00048
44047063120010034]0060001023400000001084906312000001603374]3|0]1]3281]3341]00049
4702503379005302103373033794900000000]0491448400049086740004|0]1]3341]3401]00050
909672000490860200049086140004908626000490863800049086500004|0]1]3401]3461]00051
911272000491001200049130240004910240000491394000049109320004|0]1]3461]3521]00052
9115200004911668000490354801614715000]0150354700000450360400|0]1]3521]3581]00053
817431163600587490211601400817000K34603584012004303764035471|0]1]3581]3641]00054
400817000]04603712012001400817000M04703732013002614715008171|0]1]3641]3701]00055
50354700001310081600818490357201605155J720|1614715000]049037|0]1]3701]3761]00056
7601605155J730|270534805347460519200200490358404100000000002|0]1]3761]3821]00057
60112200741160381100J002600498006991600488]00003214713000003|0]1]3821]3881]00058
203815000001504253000011504301000093100600006211604091000]11|0]1]3881]3941]00059
604089000]04404140038133100600006211604091000]11604089000]04|0]1]3941]4001]00060
90412801400817000P04704172013001400601000]747040680120017051|0]1]4001]4061]00061
56N000|2600618008173300617000001104089000]115038090000031006|0]1]4061]4121]00062
010060331008160081845040080081715043010000149042160430438000|0]1]4121]4181]00063
817430420400816490412802504275008164304252038092704608046072|0]1]4181]4241]00064
70491404913K10112200488150425300001160381100J002600498006994|0]1]4241]4301]00065
903964000002401117007364704348011001705156J710|3201118000002|0]1]4301]4361]00066
6043780381949]000001400817000K34604152012001400817000J446050|0]1]4361]4421]00067
00012001400817000J346044720120015040910000049040320430450404|0]1]4421]4481]00068
0891600618000]0490454001404089000]14704596012003200615000003|0]1]4481]4541]00069
314713000001503809000011504091000004304128040894904116017051|0]1]4541]4601]00070
56M000|4304756040912100601006014406080147131400604J207047047|0]1]4601]4661]00071
0001200320061600000320060500000490608001604730]0616220473000|0]1]4661]4721]00072
6012600000147151100601000]2490608001400604]60604604056011001|0]1]4721]4781]00073
5006470000]1604851]06162204851006012204851006013100643006442|0]1]4781]4841]00074
500647000003100601006032604887048514504828000001600488]00002|0]1]4841]4901]00075
10048800647M22300488004982400089007414604962012001705156K000|0]1]4901]4961]00076
|320009000000260048800099260049800099M2430505603809270460804|0]1]4961]5021]00077
6072704914049131603810000J1490396404305080038104305124038112|0]1]5021]5081]00078
600488007252704914049131603811000]14903964015038110000049039|0]1]5081]5141]00079
640455900700000270534805347430522400587470527200200260072506|0]1]5141]5201]00080
3351215488000]1490214004605192002004705272001003400000001023|0]1]5201]5261]00081
400000001081601122]0000450530400817490436001400817000K346043|0]1]5261]5321]00082
600120031008160081849]52840470537200100430542000587340000000|0]1]5321]5381]00083
102390115500100381548500100340000000108390514500100420000002|0]1]5381]5441]00084
4010321584447054760120015010280000]4706018003002605506054394|0]1]5441]5501]00085
90000001505675000012603331010322203331010271403302000O047058|0]1]5501]5561]00086
98012002602163010222601558010271605627]095821056270102231]14|0]1]5561]5621]00087
900000021056220333126015630103226021460103215015510000126057|0]1]5621]5681]00088
23056272105723033311205723]000145057320000049057580220330203|0]1]5681]5741]00089
331460575801200421505891000021601553000]11102778]00012601569|0]1]5741]5801]00090
0277833015660000015015650000]4605854004003801490004001603302|0]1]5801]5861]00091
]00602601564156741605622]14904905568024010220216346059420120|0]1]5861]5921]00092
015058910000949057700240214601027470592201200240330203331470|0]1]5921]5981]00093
5922013004905592015056750000049]552004606078003001102778]000|0]1]5981]6041]00094
1260103802778330103500000380095900400421606103J7517430611600|0]1]6041]6101]00095
0001705156N000|260613906103250616300000260622306139160619900|0]1]6101]6161]00096
0]02106199061632106223061991400601]0000470623601200240061600|0]1]6161]6221]00097
0004606268012001106223000]6260610306223490609202606303062231|0]1]6221]6281]00098
106303000]52600488000004200000033011180000033007000000033007|0]1]6281]6341]00099
26000001706488]636031009710070025009761567447064200010038011|0]1]6341]6401]00100
18001003400000001011403374]345047079780110026064860631147064|0]1]6401]6461]00101
800010038007000010049000000270720007199250096300795250096200|0]1]6461]6521]00102
793250096100791250096000789250095900787260103815674310096401|0]1]6521]6581]00103
118250096915674150103400009260662606487490000004706664001003|0]1]6581]6641]00104
400000001013800726001002400815172274706700012003100976007262|0]1]6641]6701]00105
706018060172400815172384702376012002600957007953100958007323|0]1]6701]6761]00106
101011007322601071007821606867]09612106867007042106867007041|0]1]6761]6821]00107
606838]09611600000000L41106838]00021406838]00004706832012002|0]1]6821]6881]00108
606898068671600000000]|3101072014523201118000001101122]00012|0]1]6881]6941]00109
501087011182501089011192501091011202501093011212501095011222|0]1]6941]7001]00110
507019011181415844]000047070480120015010870000]2201122007042|0]1]7001]7061]00111
501077011182501079011192501081011202501083011212501085011224|0]1]7061]7121]00112
707168003001403302]00604607168012002705758057574607192004002|0]1]7121]7181]00113
7072600725949]23760460734400300260724202070110724200J6216000|0]1]7181]7241]00114
00000]01601099000P01102778000]126011061205125011010277525011|0]1]7241]7301]00115
030277625011050277725011070277839009490040042470754200100160|0]1]7301]7361]00116
7405]05003900777001001107405]0005260852800000380852400100260|0]1]7361]7421]00117
7453074051107453000]1450746200000490754201101122000]53400000|0]1]7421]7481]00118
001023475000|01083801118001003400000001013800700001004907370|0]1]7481]7541]00119
024008151721646078620120027060180601726010381567431010211567|0]1]7541]7601]00120
51607644]04202107644010322207644010272500000004001207644]042|0]1]7601]7661]00121
01407644]005147078300130025077810047025004700040031009640042|0]1]7661]7721]00122
02607829010322601032010271101032]00501705440]550815004200000|0]1]7721]7781]00123
03100421004712601027010322601020156561601032]000031009640042|0]1]7781]7841]00124
01705440]5508490237603101021156941101032]00051101027]0005260|0]1]7841]7901]00125
0980005052500981004001705440]55081100968]0005310050100506450|0]1]7901]7961]00126
787400501490237603101021157133201118000002601032011222601027|0]1]7961]8021]00127
011221101032]00123301118000004708194001003100418005003100421|0]1]8021]8081]00128
005023100427005072500420004002500426004002500432004003800418|0]1]8081]8141]00129
001003400000001013800421001003400000001013800427001002500401|0]1]8141]8201]00130
005122500512004003100969005002500512004011705440]59984508274|0]1]8201]8261]00131
00512490237602408297005014608462012L62408321005014608462012J|0]1]8261]8321]00132
63100501005124708418001003400000001023400000001081101122000]|0]1]8321]8381]00133
73801118001003400000001013800700001002600815172161100968000]|0]1]8381]8441]00134
7310096912996490734603100500005121100968]0012260102701032110|0]1]8441]8501]00135
1032]00124708582001003400000|01023400000001081101122000J2380|0]1]8501]8561]00136
1118001003400000001014908038017063120O6641708972]92401708972|0]1]8561]8621]00137
]86861708972]87061708972]87622608807005211708972]88081708972|0]1]8621]8681]00138
]8924160875300]4649087180160875300]4725005090050125005080050|0]1]8681]8741]00139
01600501]000049092400250878500500160875300]30150050000000490|0]1]8741]8801]00140
8718000160875300]3425005110050015005000000025088670880714088|0]1]8801]8861]00141
79000]04608686012]42508903088061408915000]04608706012]M49087|0]1]8861]8921]00142
860250895900501250050700500160875300]86490874200000310050000|0]1]8921]8981]00143
7732509007007252509019005991100725000]0430906400587260112200|0]1]8981]9041]00144
7251100725000J1491457602600406007252500500005282500501005291|0]1]9041]9101]00145
703Q20091122600506011223300502000004509156008174909192017038|0]1]9101]9161]00146
K0091682600511011223300507000002601122007251100725000J126092|0]1]9161]9221]00147
340897149000000000045092600081749092720450935200819250929300|0]1]9221]9281]00148
50014092930]0]14706312012002409331005014606312012J5320050700|0]1]9281]9341]00149
000490631201400819000K34609272012003100816008184509408008174|0]1]9341]9401]00150
9063120430942800816490937601400817000K3460631201200140081700|0]1]9401]9461]00151
0P1470962001200450949600819490962002409661008194709552012003|0]1]9461]9521]00152
200510000003100816008204909388024096630081947096200120045095|0]1]9521]9581]00153
960082149096520240966100821470965201200250963800817320050000|0]1]9581]9641]00154
0004909376032005110P0P14909532025096950072525097070059911007|0]1]9641]9701]00155
25000]03200528000002609719005294313940005871609774]065921097|0]1]9701]9761]00156
740052915000000000049139400261570501122261570001122111570500|0]1]9761]9821]00157
0J91115700000J4310041800501310050001128310052400418210051101|0]1]9821]9881]00158
1222100506028821609931]15691109931]0007240971900000470990801|0]1]9881]9941]00159
2002609979099311209979000]2260051800000330050200000330051400|0]1]9941J0001]00160
000490631201703Q20100242600704011222600730007042100730007304|0]1J0001J0061]00161
510164008172510095007252510107006591100725000]02601122007252|0]1J0061J0121]00162
100725007301200725000]24308590005874914576045101840081949100|0]1J0121J0181]00163
7201400819000K346100720120017038K010220430859000587491457602|0]1J0181J0241]00164
600815171721703Q20102642600704011221400704]00514613140013002|0]1J0241J0301]00165
101122011222600730011224510344008174913140045103640081949131|0]1J0301J0361]00166
4001610399]0816211039900730310042000000451042000421491314004|0]1J0361J0421]00167
51044000423491046401400423000K347131400120025104630042311103|0]1J0421J0481]00168
99]00032610506103991600000000]|1400421000L447105720120026105|0]1J0481J0541]00169
66103991210566000]21600000000]|31004200081826106191039911106|0]1J0541J0601]00170
19]00013100818000001610662]04222110662007301210662000]233000|0]1J0601J0661]00171
00000001410662]042247106440120045107961046325107270072525107|0]1J0661J0721]00172
39006591100725000]02601122007252100725007301200725000]243108|0]1J0721J0781]00173
520058749145760451081600819491070401400819000K34610704012001|0]1J0781J0841]00174
7038K010852431087200587491457602615681011221215681]000126156|0]1J0841J0901]00175
86156812115686007301706312]75422600815171501703Q201095626007|0]1J0901J0961]00176
04011224511000008171605155P000|49131520451102000819491098001|0]1J0961J1021]00177
400819000K346109800120017038K0110562600730011224511J84008172|0]1J1021J1081]00178
100725007042300704011223200095000002200099007042601122007252|0]1J1081J1141]00179
10072500099431117200587491457601706312]662845112040081949110|0]1J1141J1201]00180
8001400819000K346110800120017038K011240431126000587491457601|0]1J1201J1261]00181
706312]66281703Q20112842600704011224311332005291400704]00514|0]1J1261J1321]00182
613140013004511444008172601122007252100725007044311400005282|0]1J1321J1381]00183
10112200704491141201101122000]1431143200587491457601706312]6|0]1J1381J1441]00184
664451146400819491134401400819000K346113440120017038K0115004|0]1J1441J1501]00185
31143200587491457601703Q20115322600725011221200725000]144115|0]1J1501J1561]00186
80007251600725R999943116000058749145760330111800000471163600|0]1J1561J1621]00187
1003801118001001706488J1648270601806017490237604302280005281|0]1J1621J1681]00188
703Q20116924311716005291601195000M94311784005874302116005291|0]1J1681J1741]00189
601195000]04611776001003900949004004911968026155380112233011|0]1J1741J1801]00190
180000043118400052915155210000849118520151552100001471187600|0]1J1801J1861]00191
1003801118001004711932003001403302]0060461195601200270575805|0]1J1861J1921]00192
757491195601706488J194427060180601743120600052934]0000001022|0]1J1921J1981]00193
415519006894712696012004312060005873901171001001500587000014|0]1J1981J2041]00194
8000P0707074901792031009641575831009861578027060300602931009|0]1J2041J2101]00195
591540427060300602931004181573226010381561426121620042425000|0]1J2101J2161]00196
000040026121910042031009590000015010340000]27060300602926122|0]1J2161J2221]00197
340042425000000042131004180042245121320042131009591552031009|0]1J2221J2281]00198
91155522706030060294302320005293901171001001612431J751615123|0]1J2281J2341]00199
46]00053400000001023100500007621612499]00001612518]050311124|0]1J2341J2401]00200
31000]146126640040043124400000049126640261246312431251249900|0]1J2401J2461]00201
0002612523124632112499124991112518]0000211252312499260000000|0]1J2461J2521]00202
0002612431125231112431000]5261257112431260112200000330111800|0]1J2521J2581]00203
00038011180010044126200051516005030]014390050100100111234600|0]1J2581J2641]00204
0]1431236012346491233604800000000004601792003004901780043129|0]1J2641J2701]00205
80005872603314007252512743033142512755005991103314000]016021|0]1J2701J2761]00206
75000]01612851]06591612870]15691102175000]11112851000]114128|0]1J2761J2821]00207
51]06894612948012004312792000001112870000]726000000217526129|0]1J2821J2881]00208
06128701212906000]22600000033141103314000K01412851]068847127|0]1J2881J2941]00209
9201200260288203314251538300421491201603901201001004800  000|0]1J2941J3001]00210
05|360000000500490000004313056005282600815171504913068026008|0]1J3001J3061]00211
15171612513023005281703Q20130922600704011221400704]005146131|0]1J3061J3121]00212
40013004513220008171605155Q000|31008160125927053480534746051|0]1J3121J3181]00213
92002004115488000]143028520058749028880310049900732320050000|0]1J3181J3241]00214
000151343300003491340001400819000K34613412012004613352011004|0]1J3241J3301]00215
313140008194313332008184913388015134330000249133880261344300|0]1J3301J3361]00216
819250055100819310050000501310081600818451326400819441343200|0]1J3361J3421]00217
500491314003200550000001413443000L44713504012004413492005503|0]1J3421J3481]00218
200549000002500550004003200500000001613546]05502213546007042|0]1J3481J3541]00219
400000007814713140012002613587135463100500000004313612130233|0]1J3541J3601]00220
200501000004513636005013300501000004513808008192601122007252|0]1J3601J3661]00221
100725007042615686007251115686000]14313728130232101122007044|0]1J3661J3721]00222
91374001101122000]143137600058749145760310042000501261568115|0]1J3721J3781]00223
6862215681007041706312]7542451382800821491364801400821000K34|0]1J3781J3841]00224
613648012003100816008201703Q20138762615686011224313920130231|0]1J3841J3901]00225
115686000]149137400211568600704491374001614226000R6331410900|0]1J3901J3961]00226
000321410800000431410400587491404401400817000K34714032012001|0]1J3961J4021]00227
114226000]53100816008184513996008171114226000]51414226000N14|0]1J4021J4081]00228
6141520130049142680000017038K0141161114226000]51414226000N14|0]1J4081J4141]00229
714220013001605155O000|2705348053474605192002001614225000N14|0]1J4141J4201]00230
314232005874914268031005000111832141090000045141040081716007|0]1J4201J4261]00231
04]00052614351007251100725000]526143830072521007251422612007|0]1J4261J4321]00232
25000]14414372033791601122]00001100725000J8491438401601122]0|0]1J4321J4381]00233
000431440400587491457604414424033794909788026157050112212157|0]1J4381J4441]00234
05]00042615700157051215700]00051706312]734625145070072525145|0]1J4441J4501]00235
19005991100725000]02601122007251100725]002331005000126643063|0]1J4501J4561]00236
120058749145760240074300807460211601200151472700001260125700|0]1J4561J4621]00237
8071614599000]64314692012574314692012561214599000]1260125701|0]1J4621J4681]00238
255491463602601581012573201581000003201246000001401247000]34|0]1J4681J4741]00239
614824012001401247000K14614824012001401247000L34715344013001|0]1J4741J4801]00240
401247000O94614836011001514727000003101246012484514716012464|0]1J4801J4861]00241
315344147271414599000]64615016012003301581000001114599000]11|0]1J4861J4921]00242
614955]15811214955000]14414932000002614974149553300000000002|0]1J4921J4981]00243
615010149741215010000]12600000147151615039J75174315204000002|0]1J4981J5041]00244
415039158384615384013002615082150392500000145992114599145992|0]1J5041J5101]00245
615130150822115130145992600000015811115130000]52615166151302|0]1J5101J5161]00246
600000011222601165008071615488]00004902116026152271503925152|0]1J5161J5221]00247
51000002615299152271115299000]021152991525124145991525147153|0]1J5221J5281]00248
12012002401581000004615364012002615039152991115039000]649150|0]1J5281J5341]00249
2801605155J740|490377601605155J700|490377601605155R000|49037|0]1J5341J5401]00250
760360010000500360017200500360024400500360031600500360000000|0]1J5401J5461]00251
500               ]]00|00000|J11111111111111111111111111110M|0]1J5461J5521]00252
800000000004900000OP9]JKLMNOPQ|    L10038800019M90000000000M|0]1J5521J5581]00253
90003600000   ]]00|]                                        |0]1J5581J5641]00254
                                  ]60000000000 ]    |J800000|0]1J5641J5701]00255
00000 R    |J10000000000 R    |J007J728K447L16OL88|000000  L|0]1J5701J5761]00256
600000005004900000|                                   ]8]009|0]1J5761J5821]00257
6]0115 ]]00|000000]20000M100000021OM154000011OM641444401OO20|0]1J5821J5881]00258
0000022OO254000012OM662644202ON400000023ON454000013OM6546453|0]1J5881J5941]00259
03ON344000028ON344540018OM400000029OM454000019OM644496509OM3|0]1J5941J6001]00260
00000024OM354000014OO344000025OO344540015OO346000026OO346540|0]1J6001J6061]00261
016OO346530006OO359000031OM662530005OM662590008OO355620072OO|0]1J6061J6121]00262
355460073OM200000049OM255460044OM255590045OM244000043OM26300|0]1J6121J6181]00263
0027OM263540017OM263465307OM242000042OM249000046OM255490047O|0]1J6181J6241]00264
N955000036ON941000037OM455000035OO655000038OO641000039OO2535|0]1J6241J6301]00265
95586OO241560084ON200000034OO246000032OM346000033ON446000071|0]1J6301J6361]00266
OM800000048ON556570041OM248000011NM257000011NM245000012NM269|0]1J6361J6421]00267
000012NM265000014NM267650015NM241000019NM255530013NM25555001|0]1J6421J6481]00268
3NM243710001NM243720002NM243730003NM243740004NM255480011MM25|0]1J6481J6541]00269
5570011MM255450012MM255690012MM255650014MM255676515MM2554100|0]1J6541J6601]00270
19MM253000013MM255000013MM255437101MM255437202MM255437303MM2|0]1J6601J6661]00271
55437404MN955636861LN955576363LO655636881LO655576382LM455636|0]1J6661J6721]00272
851LM455576352LN941636871LN941576373LO641636891LO641576392LO|0]1J6721J6781]00273
342636881KN943636821KO257636811KN452000010KO454520000KM25600|0]1J6781J6841]00274
0000KM256534410KM641000003PM662000002PM654000004PM644000005P|0]1J6841J6901]00275
M449650001PM662585906PM643566207PM662495508PM641635509PM6456|0]1J6901J6961]00276
76310PM645670011PM653564712PM653550013PM662596214PM662536215|0]1J6961J7021]00277
PO346536216PM263466217PO241000014QO241435624QO241566234QO253|0]1J7021J7081]00278
634116QO253415926QO253436236QO253634346QO253414466QO25354458|0]1J7081J7141]00279
6QM462000001JM462620011JM4416200000M4430000001M4624300101M44|0]1J7141J7201]00280
14300102M4624100003M4624200004M455420000JO641434494LN9414344|0]1J7201J7261]00281
75LM455434454LO655434484LN955434465LM253430009NM255534309MM4|0]1J7261J7321]00282
565947005M8454144007O3434400016O359410010RO2455544106O060606|0]1J7321J7381]00283
0606O0606060606O0606060606O0606060606O0606060606O0606060606O|0]1J7381J7441]00284
0606060606O0606060606O0606060606O0606060606O0606060606O06060|0]1J7441J7501]00285
60606M445554400602615838158441215838]00203301368000003301448|0]1J7501J7561]00286
000004901780000000000000000000000000000000000000000000000000|0]1J7561J7621]00287
360000000500490000000000|0000000000000000000000000000000000000]1]0132]0156]00000
490013200000|0000000000000000000000000000000000000000000000000]1]0012]0024]00000
36001000050036001720050036002440050036003160050036000000050000000000000000]00024
000000000000102030400020406080003060902100408021610050015102006021814200|0]00025
704112820080614223009081726300000000005060708090012141618151811242720242|0]00026
822363520353045403632484455324946536048465462754453627180123456789123456|0]00027
789]23456789]J3456789]JK456789]JKL56789]JKLM6789]JKLMN789]JKLMNO89]JKLMN|0]00028
M8000000000049J7518OP9]JKLMNOPQ|    L10038800019M90000000000M90003600000   ]0453
