360007200500360020100500440001200276260005900274250001100000260009000269000]0000
260009500264310000000200260011400274250000000011490001200000000000000000000]0001
3400000001023800823001001600896]00182600864008861600921]0000|0]1]0402]04620]0002
1600901]08422200901008962600906009011200906]0001260053300906|0]1]0462]05220]0003
2500916009062100921009161100906]0001260058100906250091600906|0]1]0522]05820]0004
2100921009161100906]0001260062900906250091600906210092100916|0]1]0582]06420]0005
1400921]00024700714012001600911]0864220091100896260070800911|0]1]0642]07020]0006
1500911000011200896]00011400896]00014700450012001100891]0001|0]1]0702]07620]0007
2600842008643400000001021400891]0010470041401200480000000000|0]1]0762]08220]0008
]01110110101010100100|0000000000000000000000000000000000000001]1]0822]08440]0009
]00000000000000000000|0000000000000000000000000000000000000001]1]0844]08660]0010
]00000000000000000000]0000]0000]0000]0000]0000]0000]0000|00001]1]0866]09220]0011
0000000L600000005004900000|00000000000000000000000000000000000]8]0096]01150]0012
360010000500360017200500360024400500360031600500360000000500000000000000000]0013
000000000000102030400020406080003060902100408021610050015102006021814200|00]0014
704112820080614223009081726300000000005060708090012141618151811242720242|00]0015
822363520353045403632484455324946536048465462754453627180123456789123456|00]0016
789]23456789]J3456789]JK456789]JKL56789]JKLM6789]JKLMN789]JKLMNO89]JKLMN|00]0017
M8000000000049]0402OP9]JKLMNOPQ|0000L10038800019M90000000000M90003600000000]0018
