360007200500360020100500440001200276260005900274250001100000260009000269000]0000
260009500264310000000200260011400274250000000011490001200000000000000000000]0001
3400000001022700480007121100712]00011400712]0020470041401200|0]1]0402]04620]0002
480000000000|0000000000000000000000000000000000000000000000000]1]0462]04740]0003
]0000|00000000000000000000000000000000000000000000000000000001]1]0474]04790]0004
1400479]00034700672013001600723]00021600728]00011600733]0001|0]1]0480]05400]0005
1600739]0000210073900728210073900733260072800733260073300739|0]1]0540]06000]0006
1100723]0001240072300479470054001300380073000100340000000102|0]1]0600]06600]0007
420000000000380071400100340000000102420000000000|0000000000000]1]0660]07080]0008
]0001]0001|000000000000000000000000000000000000000000000000001]1]0708]07190]0009
]0000]0000]0000|0000000000000000000000000000000000000000000001]1]0719]07350]0010
]0000|00000000000000000000000000000000000000000000000000000001]1]0735]07400]0011
0000000L600000005004900000|00000000000000000000000000000000000]8]0096]01150]0012
360010000500360017200500360024400500360031600500360000000500000000000000000]0013
000000000000102030400020406080003060902100408021610050015102006021814200|00]0014
704112820080614223009081726300000000005060708090012141618151811242720242|00]0015
822363520353045403632484455324946536048465462754453627180123456789123456|00]0016
789]23456789]J3456789]JK456789]JKL56789]JKLM6789]JKLMN789]JKLMNO89]JKLMN|00]0017
M8000000000049]0402OP9]JKLMNOPQ|0000L10038800019M90000000000M90003600000000]0018
