360007200500360020100500440001200276260005900274250001100000260009000269000]0000
260009500264310000000200260011400274250000000011490001200000000000000000000]0001
3400000001021200702]00011200707]00011400702]0000470049801200|0]1]0402]04620]0002
3900679001001100712]00011100702]00031400707]0000470055801200|0]1]0462]05220]0003
3900689001001100712]00011100707]00051400712]0000470059401200|0]1]0522]05820]0004
3800715001001100717]00011200723]00011600712]0000340000000102|0]1]0582]06420]0005
1400723]0000470041401200480000000000|0000000000000000000000000]1]0642]06780]0006
M64969690|0000000000000000000000000000000000000000000000000001]1]0678]06880]0007
M26469690|0000000000000000000000000000000000000000000000000001]1]0688]06980]0008
]0003]0005]0000]0001|00000000000000000000000000000000000000001]1]0698]07190]0009
]0100|00000000000000000000000000000000000000000000000000000001]1]0719]07240]0010
0000000L600000005004900000|00000000000000000000000000000000000]8]0096]01150]0011
360010000500360017200500360024400500360031600500360000000500000000000000000]0012
000000000000102030400020406080003060902100408021610050015102006021814200|00]0013
704112820080614223009081726300000000005060708090012141618151811242720242|00]0014
822363520353045403632484455324946536048465462754453627180123456789123456|00]0015
789]23456789]J3456789]JK456789]JKL56789]JKLM6789]JKLMN789]JKLMNO89]JKLMN|00]0016
M8000000000049]0402OP9]JKLMNOPQ|0000L10038800019M90000000000M90003600000000]0017
